00000000000000000000000000000000
00000000000000000000000000000000
00000000000024900000000000002490
00FD3948FE058D6F00FD3948FF0573C8
01FA58EA00F97781FE0D10FE00F97781
FF0CF7B901F2D5BC00FD3948FE058D6F
00FD3948FF0573C801FA58EA00F97781
FE0D10FE00F97781FF0CF7B901F2D5BC
0003AFD000075FA00003AFD0FF4F34E9
01A20BD70003AFD000075FA00003AFD0
FF4F34E901A20BD700FD3948FE058D6F
00FD3948FF0573C801FA58EA00F97781
FE0D10FE00F97781FF0CF7B901F2D5BC
00FD3948FE058D6F00FD3948FF0573C8
01FA58EA00F97781FE0D10FE00F97781
FF0CF7B901F2D5BC0003AFD000075FA0
0003AFD0FF4F34E901A20BD70003AFD0
00075FA00003AFD0FF4F34E901A20BD7
00C1CFC2FE7C607C00C1CFC2FF6D0A47
0174494F00C1CFC2FE7C607C00C1CFC2
FF6D0A470174494F0000000000000000
00000000000000000000000000000000
00000000000000000000000000000000
00000000000000000000000000000000
00000000000000000000000000000000
00000000000000000000000000000000
00000000000000000000000000000000
00000000000000000000000000000000
00000000000000000000000000000000
00000000000000000000000000000000
00000000000000000000000000000000
00000000000000000000000000000000
00000000000000000000000000000000
00000000000000000000000000000000
00000000000000000000000000000000
00000000000000000000000000000000
00000000000000000000000000000000
00000000000000000000000000000000
00000000000000000000000000000000
00000000000000000000000000000000
00000000000000000000000000000000
00000000000000000000000000000000
00000000000000000000000000000000
00000000000000000000000000000000
00000000000000000000000000000000
00000000000000000000000000000000
00000000000000000000000000000000
00000000000000000000000000000000
00000000000000000000000000000000
00000000000000000000000000000000
00000000000000000000000000000000
00000000000000000000000000000000
00000000000000000000000000000000
00000000000000000000000000000000
00000000000000000000000000000000
00000000000000000000000000000000
00000000000000000000000000000000
00000000000000000000000000000000
00000000000000000000000000000000
00000000000000000000000000000000
00000000000000000000000000000000
